13187741774
13171180195
13128889083
13156704550
13179518391
13162935348
13156649020
13136105775
13136859699
13165714751
13161893157
13102321476
13102597580
13123319132
13170361201
13123085501
13171132318
13110444003
13133102709
13188141753
13125677127
13116666975
13109533174
13108337451
13181206738
13178368085
13167762482
13127919647
13121509571
13188017850
13107349539
13182412407
13184933571
13112219308
13184344121
13104258940
13159242482
13182251374
13141682430
13113944434
13117933230
13189036006
13155241591
13174829926
13149195844
13192275777
13172343662
13199417119
13119674393
13187351222
13184761187
13195596900
13123041157
13163335575
13197149306
13134311161
13151485152
13189382658
13138822470
13108238196
13196986787
13150644053
13157556465
13187589004
13184626264
13104983991
13182034783
13138223967
13172575997
13111913458
13166609800
13141183439
13198507349
13186554103
13169755813
13174383694
13141544533
13160094433
13132598920
13190747075
13165829010
13116481454
13108481154
13121941306
13199403366
13198170943
13194875209
13112102844
13161150808
13114481651
13149924554
13122102828
13196252831
13101104830
13183856078
13179130047
13110258419
13101319822
13192506116
13174382257
13153719108
13143430135
13191213168
13170714175
13182345739
13122420254
13140450105
13119498936
13156826359
13162238933
13142534512
13114282137
13111578202
13173630828
13111337318
13190842902
13181029444
13159152430
13173265314
13146348155
13196987623
13158152660
13100381441
13127445446
13135505579
13199283893
13188696007
13117556647
13115539929
13123985767
13165022773
13119891465
13196862542
13194388744
13105527452
13141696438
13136670492
13130479134
13173605186
13107684995
13190475684
13169801968
13161200258
13157695306
13116934236
13195913594
13175090618
13187698229
13164697941
13199851694
13170434484
13112293296
13117365362
13154172811
13130872401
13137651283
13147352965
13194609178
13159023404
13151477460
13153465397
13158237767
13163250905
13153541435
13159146796
13150232099
13137486258
13184393881
13106284610
13154643837
13136020720
13119328484
13116473714
13143450139
13188375171
13125932980
13101066369
13183497078
13145631785
13179502275
13159967954
13181758866
13164722589
13105116014
13150426429
13134876428
13106975670
13179781854
13185516363
13143379208
13134276710
13141900567
13156076832
13106719855
13175353476
13187066246
13132884056
13151947308
13115103089
13180177894
13176395065
13188966365
13109804165
13146787326
13179742583
13131476328
13109894951
13103938235
13143818988
13161169239
13125845686
13134153467
13116893285
13173974106
13123649734
13101894482
13148887903
13148289866
13171115861
13181027403
13134228732
13197765433
13184999372
13138187017
13125979902
13177448189
13128362409
13135238556
13107037860
13152748935
13144428456
13137170193
13185820196
13122051528
13184593107
13106953983
13180755951
13153634062
13195692478
13108415675
13159736212
13138070669
13136965337
13135776864
13183535167
13166684442
13179793275
13136106106
13106265348
13160163860
13160332611
13186662860
13157513316
13139391544
13165838569
13147504856
13149249928
13132093596
13191489727
13138207033
13176373902
13178270116
13163075035
13101059403
13157089402
13134301693
13176371966
13104052972
13172038557
13198158658
13162949590
13108035611
13124857516
13134296927
13156056700
13141022690
13163379155
13183680501
13106587254
13170617170
13133976752
13169539922
13144576380
13195352119
13108993521
13148783259
13171372464
13187253878
13141057598
13134098041
13114731769
13159143253
13149491095
13101091090
13197898375
13144316110
13109637262
13125437417
13189654983
13184608242
13103540904
13100068521
13146201283
13179119101
13118620601
13105494943
13147484480
13154620646
13108591056
13153961546
13181641034
13170643972
13178580923
13142422584
13124949980
13197302175
13155420427
13144359641
13155161210
13122810962
13135597914
13121373453
13157448116
13109733639
13120632881
13155826350
13111881014
13143971742
13107469146
13101840220
13123014120
13108535773
13123517359
13182306734
13184806446
13162806969
13185183547
13192544503
13169829995
13188584075
13179353313
13121767893
13138000694
13141068995
13161433717
13146795235
13151801329
13195883046
13143547184
13120793945
13101475156
13195405519
13110906927
13125874937
13158480400
13161427272
13175172719
13180846138
13176261371
13185259807
13136030156
13182382525
13106186009
13194389244
13107535776
13190896413
13139989739
13126957565
13135879371
13178387391
13198514732
13156577487
13107827323
13174263374
13135615719
13189944298
13143226496
13178153137
13184274438
13149843271
13136170464
13129877276
13176436617
13181739213
13131920889
13140410678
13169448145
13162456630
13149126793
13109537215
13108986464
13123846022
13131691331
13144768305
13116155065
13167612498
13146602548
13144356862
13110797356
13177930844
13168306810
13185086058
13141770239
13179368064
13182102270
13136944565
13161094877
13123339662
13194423589
13188566969
13186551647
13154415041
13103346334
13194384976
13146963100
13170437601
13148056270
13157304099
13163181520
13133691670
13108400802
13109470423
13162085368
13153091343
13171368054
13196325652
13153740326
13157740487
13167342030
13102452593
13157630476
13125596209
13193067557
13138119128
13113526733
13110932584
13152159511
13167913884
13152143162
13116161537
13185650771
13168942056
13148807756
13107596825
13164744030
13145395894
13190476726
13137969154
13112663544
13194127407
13121915413
13159807444
13136666956
13190464338
13135878779
13193521501
13143863214
13150536559
13114926376
13127426365
13174498468
13130197310
13171418729
13103912107
13188367118
13117405658
13117212876
13123436183
13115282081
13108230136
13192256379
13173269863
13197825718
13154141842
13168276841
13110806124
13116267860
13112879665
13105617972
13136809414
13109662159
13144249453
13193974414
13170940741
13154781575
13171120016
13155019962
13194047158
13189802624
13173244051
13181886739
13129561334
13110718429
13181077634
13164804529
13154696780
13186353024
13183888134
13190090208
13126239180
13181796762
13179792374
13161148237
13154918392
13173069554
13150383889
13121243355
13110274493
13136439155
13196832451
13167166912
13122518255
13154127462
13125248510
13128745667
13151010306
13189405378
13146685189
13132972230
13117102302
13138852107
13110599338
13100951696
13104282347
13151948313
13166902365
13193089402
13165606358
13146742011
13107769092
13185227873
13109264698
13171816800
13162527455
13164305954
13182989616
13175804718
13107878221
13162289067
13196453498
13106868061
13143349576
13197483574
13162215346
13131125667
13141242133
13147343198
13147971532
13117384331
13140328092
13178823367
13107918794
13123165539
13124327145
13195677595
13191790572
13109756773
13109265493
13154679331
13147947577
13103856180
13149567111
13143088251
13140975638
13149329740
13190469334
13195372476
13153813965
13117945790
13102517814
13117997929
13184466393
13107959651
13105096626
13124977417
13104664660
13185773359
13187110076
13172221834
13132692256
13179763413
13191882795
13125522515
13130765026
13129621514
13119041227
13134145582
13137998208
13159051379
13193797536
13126465036
13195893169
13100891622
13136625651
13107050789
13194579951
13123580076
13108782227
13118847698
13154296569
13179144607
13103675429
13192313796
13153419092
13187095177
13158407984
13148064626
13111251314
13133629632
13163841923
13170380929
13189391957
13103273964
13140500420
13198870685
13123215438
13192600047
13143943659
13119123505
13173658157
13197683491
13199242454
13106440385
13118894169
13106543766
13108575953
13193565547
13165673406
13146919276
13198401713
13115266312
13110274417
13197507306
13125013353
13108286311
13135735369
13137391754
13121153880
13127300566
13120608249
13174212800
13112876212
13126825809
13181824775
13153574586
13108532968
13149239332
13136259531
13150062987
13126601103
13189479408
13101796133
13186600003
13136275329
13116931235